Wavelength	Paint	Reflectance	LowCI	UpperCI
280	Brown	5.705333333	5.559164367	5.8515023
281	Brown	5.695	5.549760018	5.840239982
282	Brown	5.686666667	5.541037531	5.832295803
283	Brown	5.619	5.473000017	5.764999983
284	Brown	5.5345	5.386981997	5.682018003
285	Brown	5.553666667	5.406039193	5.701294141
286	Brown	5.596333333	5.448899815	5.743766852
287	Brown	5.633666667	5.487092407	5.780240926
288	Brown	5.7045	5.557150881	5.851849119
289	Brown	5.709666667	5.563432551	5.855900782
290	Brown	5.728333333	5.583963201	5.872703466
291	Brown	5.8005	5.655850343	5.945149657
292	Brown	5.868666667	5.726357929	6.010975405
293	Brown	5.913666667	5.771472119	6.055861214
294	Brown	5.8615	5.718946894	6.004053106
295	Brown	5.735	5.592954733	5.877045267
296	Brown	5.651666667	5.504417911	5.798915422
297	Brown	5.707	5.557623176	5.856376824
298	Brown	5.76	5.610527639	5.909472361
299	Brown	5.859	5.711231666	6.006768334
300	Brown	5.974	5.827150586	6.120849414
301	Brown	5.968333333	5.824519456	6.112147211
302	Brown	5.917	5.770869705	6.063130295
303	Brown	5.928333333	5.779540209	6.077126457
304	Brown	5.9585	5.809741557	6.107258443
305	Brown	5.975333333	5.824388352	6.126278314
306	Brown	6.032666667	5.882519141	6.182814192
307	Brown	6.038	5.890070848	6.185929152
308	Brown	5.962	5.812386825	6.111613175
309	Brown	5.880666667	5.731195575	6.030137759
310	Brown	5.8005	5.648577287	5.952422713
311	Brown	5.835	5.681932274	5.988067726
312	Brown	5.929666667	5.774804921	6.084528412
313	Brown	6.017333333	5.863216199	6.171450468
314	Brown	6.1285	5.973536802	6.283463198
315	Brown	6.141666667	5.988227578	6.295105755
316	Brown	6.112666667	5.959144609	6.266188725
317	Brown	6.1305	5.976676301	6.284323699
318	Brown	6.143	5.991522601	6.294477399
319	Brown	6.147666667	5.997366285	6.297967048
320	Brown	6.1425	5.994049856	6.290950144
321	Brown	6.117333333	5.968759721	6.265906945
322	Brown	6.102333333	5.95149328	6.253173387
323	Brown	6.078666667	5.92639426	6.230939073
324	Brown	6.0705	5.918502383	6.222497617
325	Brown	6.058333333	5.906656935	6.210009732
326	Brown	6.053333333	5.903359426	6.20330724
327	Brown	6.062	5.913011825	6.210988175
328	Brown	6.088666667	5.942803019	6.234530314
329	Brown	6.118666667	5.974996921	6.262336412
330	Brown	6.127666667	5.985274802	6.270058531
331	Brown	6.116	5.9725694	6.2594306
332	Brown	6.066333333	5.91917565	6.213491017
333	Brown	6.03	5.878626428	6.181373572
334	Brown	6.01	5.857512784	6.162487216
335	Brown	6.027	5.873455649	6.180544351
336	Brown	6.043666667	5.888626375	6.198706958
337	Brown	6.056	5.902064536	6.209935464
338	Brown	6.067	5.912434073	6.221565927
339	Brown	6.043	5.889126528	6.196873472
340	Brown	6.023333333	5.8704219	6.176244766
341	Brown	6.0245	5.869437214	6.179562786
342	Brown	6.011333333	5.857182967	6.165483699
343	Brown	6.007333333	5.852456939	6.162209727
344	Brown	6.003333333	5.848999706	6.157666961
345	Brown	5.9985	5.844637919	6.152362081
346	Brown	6.016333333	5.861423615	6.171243051
347	Brown	6.039666667	5.885503738	6.193829595
348	Brown	6.05	5.895766791	6.204233209
349	Brown	6.0595	5.905842884	6.213157116
350	Brown	6.066666667	5.913097041	6.220236292
351	Brown	6.079666667	5.925317214	6.234016119
352	Brown	6.104	5.949711399	6.258288601
353	Brown	6.111333333	5.957577287	6.26508938
354	Brown	6.094	5.939987531	6.248012469
355	Brown	6.082333333	5.928644288	6.236022379
356	Brown	6.0775	5.923676763	6.231323237
357	Brown	6.078333333	5.923787557	6.23287911
358	Brown	6.079	5.923856144	6.234143856
359	Brown	6.061666667	5.905309654	6.21802368
360	Brown	6.059	5.902073468	6.215926532
361	Brown	6.065666667	5.907891664	6.223441669
362	Brown	6.078333333	5.920499023	6.236167643
363	Brown	6.099	5.940746267	6.257253733
364	Brown	6.121666667	5.963174659	6.280158674
365	Brown	6.122333333	5.964362061	6.280304606
366	Brown	6.147	5.988142145	6.305857855
367	Brown	6.183	6.024893783	6.341106217
368	Brown	6.198333333	6.040322836	6.356343831
369	Brown	6.215333333	6.056362318	6.374304349
370	Brown	6.206666667	6.047128031	6.366205302
371	Brown	6.215	6.054880009	6.375119991
372	Brown	6.241	6.080309069	6.401690931
373	Brown	6.277	6.114554273	6.439445727
374	Brown	6.305333333	6.142894662	6.467772005
375	Brown	6.306	6.142379887	6.469620113
376	Brown	6.292333333	6.128037788	6.456628878
377	Brown	6.297666667	6.132815889	6.462517444
378	Brown	6.308333333	6.141456004	6.475210662
379	Brown	6.3065	6.138295636	6.474704364
380	Brown	6.320666667	6.151983473	6.48934986
381	Brown	6.330666667	6.161551974	6.499781359
382	Brown	6.342333333	6.172730205	6.511936461
383	Brown	6.349	6.179906108	6.518093892
384	Brown	6.349333333	6.179509669	6.519156997
385	Brown	6.354	6.183525944	6.524474056
386	Brown	6.365666667	6.19436902	6.536964314
387	Brown	6.3935	6.222616486	6.564383514
388	Brown	6.409	6.237627615	6.580372385
389	Brown	6.402	6.231061599	6.572938401
390	Brown	6.400333333	6.229337371	6.571329296
391	Brown	6.3995	6.227146155	6.571853845
392	Brown	6.395333333	6.222730007	6.56793666
393	Brown	6.412333333	6.238074773	6.586591893
394	Brown	6.438666667	6.262557097	6.614776236
395	Brown	6.456	6.279225739	6.632774261
396	Brown	6.48	6.301915116	6.658084884
397	Brown	6.499	6.320609955	6.677390045
398	Brown	6.502	6.323037365	6.680962635
399	Brown	6.5135	6.334235584	6.692764416
400	Brown	6.525333333	6.344827914	6.705838752
401	Brown	6.533333333	6.353987901	6.712678766
402	Brown	6.506	6.326277864	6.685722136
403	Brown	6.4805	6.29968191	6.66131809
404	Brown	6.462	6.28019429	6.64380571
405	Brown	6.48	6.295357491	6.664642509
406	Brown	6.544333333	6.357571863	6.731094803
407	Brown	6.590666667	6.402948791	6.778384542
408	Brown	6.605	6.416961783	6.793038217
409	Brown	6.603666667	6.417753267	6.789580066
410	Brown	6.612666667	6.426958867	6.798374467
411	Brown	6.634666667	6.449191925	6.820141408
412	Brown	6.673	6.486847382	6.859152618
413	Brown	6.696	6.5099435	6.8820565
414	Brown	6.658333333	6.472111684	6.844554982
415	Brown	6.603	6.417928648	6.788071352
416	Brown	6.514	6.330412946	6.697587054
417	Brown	6.445666667	6.261300016	6.630033317
418	Brown	6.419333333	6.235028646	6.60363802
419	Brown	6.363333333	6.177594719	6.549071947
420	Brown	6.386666667	6.19998906	6.573344274
421	Brown	6.4365	6.249031942	6.623968058
422	Brown	6.422666667	6.235393985	6.609939348
423	Brown	6.468	6.279463299	6.656536701
424	Brown	6.559333333	6.368869847	6.749796819
425	Brown	6.6155	6.423815129	6.807184871
426	Brown	6.750333333	6.555874768	6.944791898
427	Brown	6.923666667	6.7284373	7.118896033
428	Brown	6.972666667	6.778198875	7.167134459
429	Brown	6.978666667	6.785417713	7.17191562
430	Brown	6.9625	6.768880521	7.156119479
431	Brown	6.907666667	6.71402148	7.101311853
432	Brown	6.888333333	6.69410107	7.082565596
433	Brown	6.945333333	6.748864301	7.141802366
434	Brown	7.034	6.835429495	7.232570505
435	Brown	7.1465	6.946166845	7.346833155
436	Brown	7.238	7.036938541	7.439061459
437	Brown	7.219666667	7.020655865	7.418677469
438	Brown	7.164666667	6.968017473	7.36131586
439	Brown	7.1625	6.963964319	7.361035681
440	Brown	7.202	7.002698865	7.401301135
441	Brown	7.31	7.107451056	7.512548944
442	Brown	7.425333333	7.221261727	7.62940494
443	Brown	7.442666667	7.240071834	7.645261499
444	Brown	7.363	7.162150556	7.563849444
445	Brown	7.298666667	7.099490107	7.497843227
446	Brown	7.342333333	7.141376595	7.543290071
447	Brown	7.457333333	7.254152541	7.660514126
448	Brown	7.636666667	7.431021704	7.842311629
449	Brown	7.801	7.593841128	8.008158872
450	Brown	7.845666667	7.639577038	8.051756296
451	Brown	7.820333333	7.616598022	8.024068644
452	Brown	7.799333333	7.597496056	8.001170611
453	Brown	7.763	7.562564411	7.963435589
454	Brown	7.7865	7.58667174	7.98632826
455	Brown	7.836666667	7.635621878	8.037711455
456	Brown	7.835333333	7.633897169	8.036769498
457	Brown	7.765	7.564937199	7.965062801
458	Brown	7.611666667	7.413277406	7.810055927
459	Brown	7.6045	7.404804576	7.804195424
460	Brown	7.676666667	7.47610764	7.877225694
461	Brown	7.791	7.590529237	7.991470763
462	Brown	8.003666667	7.801193094	8.206140239
463	Brown	8.08	7.878383565	8.281616435
464	Brown	8.057	7.85614603	8.25785397
465	Brown	8.024	7.824740831	8.223259169
466	Brown	8.017666667	7.818897822	8.216435512
467	Brown	8.079666667	7.881026392	8.278306942
468	Brown	8.117333333	7.918649012	8.316017655
469	Brown	8.174333333	7.974980764	8.373685903
470	Brown	8.2005	8.000230065	8.400769935
471	Brown	8.178333333	7.979277416	8.377389251
472	Brown	8.198	7.998527602	8.397472398
473	Brown	8.249666667	8.050172673	8.44916066
474	Brown	8.266333333	8.065998728	8.466667939
475	Brown	8.2769	8.076303315	8.477496685
476	Brown	8.3158	8.114364929	8.517235071
477	Brown	8.3547	8.152423413	8.556976587
478	Brown	8.3936	8.190478808	8.596721192
479	Brown	8.4325	8.22853115	8.63646885
480	Brown	8.4714	8.266580478	8.676219522
481	Brown	8.5103	8.30462683	8.71597317
482	Brown	8.5492	8.342670242	8.755729758
483	Brown	8.5881	8.38071075	8.79548925
484	Brown	8.627	8.418748392	8.835251608
485	Brown	8.6659	8.456783201	8.875016799
486	Brown	8.7048	8.494815214	8.914784786
487	Brown	8.7437	8.532844464	8.954555536
488	Brown	8.7826	8.570870986	8.994329014
489	Brown	8.8215	8.608894814	9.034105186
490	Brown	8.8604	8.64691598	9.07388402
491	Brown	8.8993	8.684934517	9.113665483
492	Brown	8.9382	8.722950458	9.153449542
493	Brown	8.9771	8.760963835	9.193236165
494	Brown	9.016	8.798974678	9.233025322
495	Brown	9.069333333	8.850773106	9.28789356
496	Brown	8.986	8.769297943	9.202702057
497	Brown	8.992666667	8.776740027	9.208593306
498	Brown	9.068333333	8.851771792	9.284894874
499	Brown	9.230333333	9.013371974	9.447294693
500	Brown	9.341	9.123140353	9.558859647
501	Brown	9.442333333	9.225281931	9.659384736
502	Brown	9.523333333	9.307333345	9.739333321
503	Brown	9.581666667	9.365818052	9.797515281
504	Brown	9.659	9.441018296	9.876981704
505	Brown	9.734666667	9.514787886	9.954545448
506	Brown	9.779	9.558719419	9.999280581
507	Brown	9.8	9.579368432	10.02063157
508	Brown	9.848	9.627431352	10.06856865
509	Brown	9.938333333	9.716831992	10.15983467
510	Brown	10.065	9.842843716	10.28715628
511	Brown	10.21333333	9.99032421	10.43634246
512	Brown	10.36566667	10.14198366	10.58934968
513	Brown	10.4855	10.26063174	10.71036826
514	Brown	10.62866667	10.40288512	10.85444821
515	Brown	10.80233333	10.57535564	11.02931103
516	Brown	10.84433333	10.61567977	11.0729869
517	Brown	10.77833333	10.55017729	11.00648938
518	Brown	10.82466667	10.59441935	11.05491398
519	Brown	10.97933333	10.74782842	11.21083825
520	Brown	11.05308889	10.82275154	11.28342624
521	Brown	11.2454	11.01468224	11.47611776
522	Brown	11.43771111	11.20661212	11.6688101
523	Brown	11.63002222	11.39854116	11.86150328
524	Brown	11.82233333	11.59046938	12.05419728
525	Brown	12.01464444	11.78239678	12.24689211
526	Brown	12.20695556	11.97432336	12.43958775
527	Brown	12.39926667	12.16624913	12.6322842
528	Brown	12.59157778	12.35817409	12.82498146
529	Brown	12.78388889	12.55009825	13.01767953
530	Brown	12.9762	12.7420216	13.2103784
531	Brown	13.16851111	12.93394416	13.40307806
532	Brown	13.36082222	13.12586593	13.59577852
533	Brown	13.55313333	13.3177869	13.78847977
534	Brown	13.74544444	13.50970709	13.9811818
535	Brown	13.93775556	13.7016265	14.17388461
536	Brown	14.13006667	13.89354513	14.3665882
537	Brown	14.32237778	14.08546299	14.55929256
538	Brown	14.51468889	14.27738008	14.7519977
539	Brown	14.707	14.4692964	14.9447036
540	Brown	14.51833333	14.28279934	14.75386732
541	Brown	14.74033333	14.50101253	14.97965413
542	Brown	14.86233333	14.62401302	15.10065364
543	Brown	15.22866667	14.98824671	15.46908663
544	Brown	15.22833333	14.9972731	15.45939357
545	Brown	15.307	15.07568986	15.53831014
546	Brown	15.45	15.21827312	15.68172688
547	Brown	15.71266667	15.48150618	15.94382715
548	Brown	16.03466667	15.80307409	16.26625925
549	Brown	16.47933333	16.24613356	16.7125331
550	Brown	16.79733333	16.56310202	17.03156465
551	Brown	16.84433333	16.60858412	17.08008255
552	Brown	16.967	16.72975449	17.20424551
553	Brown	17.18766667	16.95206167	17.42327166
554	Brown	17.403	17.16817203	17.63782797
555	Brown	17.71633333	17.48159458	17.95107209
556	Brown	18.03133333	17.79659475	18.26607192
557	Brown	18.255	18.01945259	18.49054741
558	Brown	18.487	18.25184339	18.72215661
559	Brown	18.702	18.46779272	18.93620728
560	Brown	18.88866667	18.6550785	19.12225483
561	Brown	19.12333333	18.88905127	19.3576154
562	Brown	19.37466667	19.13991663	19.6094167
563	Brown	19.64033333	19.40552388	19.87514279
564	Brown	19.788	19.55454994	20.02145006
565	Brown	19.83966667	19.60543559	20.07389774
566	Brown	20.033	19.79976522	20.26623478
567	Brown	20.316	20.08357094	20.54842906
568	Brown	20.67733333	20.44544359	20.90922307
569	Brown	21.07533333	20.84495148	21.30571519
570	Brown	21.19366667	20.96349266	21.42384068
571	Brown	21.30033333	21.06885871	21.53180796
572	Brown	21.57033333	21.33986829	21.80079838
573	Brown	21.80666667	21.5755334	22.03779993
574	Brown	22.155	21.9213509	22.3886491
575	Brown	22.504	22.27015101	22.73784899
576	Brown	22.7215	22.48610945	22.95689055
577	Brown	23.04433333	22.80726608	23.28140059
578	Brown	23.47766667	23.24053273	23.7148006
579	Brown	23.814	23.5745766	24.0534234
580	Brown	24.11366667	23.87251054	24.35482279
581	Brown	24.37133333	24.12964042	24.61302625
582	Brown	24.60033333	24.35856897	24.8420977
583	Brown	24.82266667	24.58207409	25.06325924
584	Brown	25.03433333	24.79292849	25.27573817
585	Brown	25.21233333	24.97132436	25.4533423
586	Brown	25.35933333	25.11888405	25.59978262
587	Brown	25.44033333	25.20051102	25.68015565
588	Brown	25.47133333	25.23362	25.70904666
589	Brown	25.52066667	25.28257947	25.75875386
590	Brown	25.617	25.37794903	25.85605097
591	Brown	25.768	25.5294144	26.0065856
592	Brown	25.93833333	25.69943184	26.17723483
593	Brown	26.014	25.77427437	26.25372563
594	Brown	26.05133333	25.81126938	26.29139729
595	Brown	25.87933333	25.63901163	26.11965503
596	Brown	25.63933333	25.39518978	25.88347689
597	Brown	25.738	25.49223883	25.98376117
598	Brown	25.90166667	25.65472341	26.14860993
599	Brown	26.28866667	26.04128019	26.53605315
600	Brown	26.64	26.39664434	26.88335566
601	Brown	26.534	26.29292167	26.77507833
602	Brown	26.17433333	25.93252935	26.41613732
603	Brown	25.77866667	25.53378578	26.02354755
604	Brown	25.645	25.3943661	25.8956339
605	Brown	25.851	25.59860063	26.10339937
606	Brown	26.17733333	25.92574969	26.42891697
607	Brown	26.43	26.18149084	26.67850916
608	Brown	26.12	25.87223626	26.36776374
609	Brown	25.927	25.67774927	26.17625073
610	Brown	25.92133333	25.67221599	26.17045068
611	Brown	26.12866667	25.87918216	26.37815118
612	Brown	26.59433333	26.3478272	26.84083947
613	Brown	26.819	26.57655092	27.06144908
614	Brown	26.813	26.57195797	27.05404203
615	Brown	26.76366667	26.52426661	27.00306672
616	Brown	26.69733333	26.45657457	26.93809209
617	Brown	26.61866667	26.37689331	26.86044002
618	Brown	26.565	26.32106734	26.80893266
619	Brown	26.54433333	26.29930088	26.78936579
620	Brown	26.564	26.31931054	26.80868946
621	Brown	26.60266667	26.35923189	26.84610144
622	Brown	26.619	26.37894931	26.85905069
623	Brown	26.59466667	26.35563686	26.83369647
624	Brown	26.501	26.26281306	26.73918694
625	Brown	26.21133333	25.97064327	26.4520234
626	Brown	25.92533333	25.68060808	26.17005859
627	Brown	25.85533333	25.60925459	26.10141207
628	Brown	25.90633333	25.65825557	26.15441109
629	Brown	26.12533333	25.87688449	26.37378218
630	Brown	26.30033333	26.05263121	26.54803546
631	Brown	26.31666667	26.06955909	26.56377424
632	Brown	26.239	25.99239256	26.48560744
633	Brown	26.08533333	25.83808428	26.33258238
634	Brown	26.00033333	25.75151491	26.24915176
635	Brown	25.96333333	25.71278728	26.21387939
636	Brown	26.05133333	25.79870661	26.30396006
637	Brown	26.17233333	25.91810289	26.42656378
638	Brown	26.21833333	25.96340974	26.47325693
639	Brown	26.25633333	25.99941742	26.51324925
640	Brown	26.28	26.02292443	26.53707557
641	Brown	26.27966667	26.02100848	26.53832485
642	Brown	26.28833333	26.03058143	26.54608524
643	Brown	26.283	26.02740121	26.53859879
644	Brown	26.269	26.01608004	26.52191996
645	Brown	26.235	25.9857329	26.4842671
646	Brown	26.21333333	25.96702034	26.45964632
647	Brown	26.19266667	25.94838393	26.4369494
648	Brown	26.182	25.93882617	26.42517383
649	Brown	26.14566667	25.90155727	26.38977606
650	Brown	26.07166667	25.82666376	26.31666957
651	Brown	26.00266667	25.75750988	26.24782345
652	Brown	25.97266667	25.72702028	26.21831305
653	Brown	26.02066667	25.77590808	26.26542525
654	Brown	26.07266667	25.82652973	26.3188036
655	Brown	26.10966667	25.86245519	26.35687815
656	Brown	26.06566667	25.81820169	26.31313164
657	Brown	25.833	25.58633205	26.07966795
658	Brown	25.444	25.19584874	25.69215126
659	Brown	25.33166667	25.08305495	25.58027839
660	Brown	25.38366667	25.13514704	25.63218629
661	Brown	25.67366667	25.42499569	25.92233764
662	Brown	26.03066667	25.78464151	26.27669182
663	Brown	26.14633333	25.90200553	26.39066114
664	Brown	26.177	25.93432906	26.41967094
665	Brown	26.16433333	25.92440781	26.40425886
666	Brown	26.16133333	25.92425997	26.39840669
667	Brown	26.12166667	25.88538213	26.35795121
668	Brown	26.033	25.79641243	26.26958757
669	Brown	26.02533333	25.78566746	26.2649992
670	Brown	26.05633333	25.81411559	26.29855108
671	Brown	26.157	25.91446135	26.39953865
672	Brown	26.26866667	26.02621684	26.51111649
673	Brown	26.30866667	26.0685902	26.54874313
674	Brown	26.31266667	26.07293445	26.55239889
675	Brown	26.325	26.08472932	26.56527068
676	Brown	26.322	26.08053809	26.56346191
677	Brown	26.253	26.01033102	26.49566898
678	Brown	26.044	25.80124058	26.28675942
679	Brown	25.72933333	25.48621568	25.97245099
680	Brown	25.69566667	25.4540589	25.93727443
681	Brown	25.796	25.55852448	26.03347552
682	Brown	26.09633333	25.86288175	26.32978491
683	Brown	26.374	26.14702108	26.60097892
684	Brown	26.49166667	26.26697301	26.71636032
685	Brown	26.512	26.28658285	26.73741715
686	Brown	26.452	26.22519081	26.67880919
687	Brown	26.41166667	26.18343995	26.63989338
688	Brown	26.43566667	26.20538856	26.66594478
689	Brown	26.46333333	26.23321184	26.69345483
690	Brown	26.527	26.29581924	26.75818076
691	Brown	26.562	26.33155502	26.79244498
692	Brown	26.581	26.35138052	26.81061948
693	Brown	26.63033333	26.39990191	26.86076476
694	Brown	26.64533333	26.41245077	26.87821589
695	Brown	26.62433333	26.38813525	26.86053141
696	Brown	26.4155	26.17339511	26.65760489
697	Brown	25.73266667	25.48618442	25.97914891
698	Brown	25.408	25.15336186	25.66263814
699	Brown	25.46433333	25.20821083	25.72045583
700	Brown	25.785	25.52840069	26.04159931
280	Green	5.327	5.208560853	5.445439147
281	Green	5.3175	5.198274125	5.436725875
282	Green	5.320666667	5.198274006	5.443059328
283	Green	5.266666667	5.144179492	5.389153841
284	Green	5.191	5.072397654	5.309602346
285	Green	5.22	5.10190767	5.33809233
286	Green	5.269333333	5.153465731	5.385200935
287	Green	5.323666667	5.20594648	5.441386854
288	Green	5.41	5.291142403	5.528857597
289	Green	5.435	5.316373064	5.553626936
290	Green	5.469333333	5.348906882	5.589759784
291	Green	5.5655	5.444950262	5.686049738
292	Green	5.653333333	5.528211834	5.778454832
293	Green	5.724	5.593780786	5.854219214
294	Green	5.697	5.571350903	5.822649097
295	Green	5.569333333	5.446842545	5.691824122
296	Green	5.489666667	5.370677531	5.608655802
297	Green	5.547	5.430502526	5.663497474
298	Green	5.600666667	5.480780973	5.720552361
299	Green	5.718666667	5.595932964	5.841400369
300	Green	5.852	5.725058157	5.978941843
301	Green	5.866	5.736364832	5.995635168
302	Green	5.830666667	5.703104151	5.958229183
303	Green	5.853333333	5.72687087	5.979795797
304	Green	5.8945	5.766895091	6.022104909
305	Green	5.932333333	5.805003712	6.059662955
306	Green	6.011666667	5.882950051	6.140383282
307	Green	6.026	5.896087387	6.155912613
308	Green	5.958333333	5.831452466	6.0852142
309	Green	5.869666667	5.743640678	5.995692655
310	Green	5.784	5.659666816	5.908333184
311	Green	5.82	5.694869657	5.945130343
312	Green	5.924333333	5.795159654	6.053507013
313	Green	6.025	5.892803029	6.157196971
314	Green	6.148	6.013599525	6.282400475
315	Green	6.169333333	6.033861318	6.304805349
316	Green	6.140333333	6.007563347	6.27310332
317	Green	6.152	6.023023329	6.280976671
318	Green	6.167	6.038083097	6.295916903
319	Green	6.172333333	6.04079838	6.303868287
320	Green	6.1695	6.036597241	6.302402759
321	Green	6.155666667	6.020447827	6.290885507
322	Green	6.143666667	6.007919935	6.279413398
323	Green	6.112333333	5.979325894	6.245340773
324	Green	6.103	5.972139655	6.233860345
325	Green	6.082666667	5.954152188	6.211181145
326	Green	6.073	5.944509327	6.201490673
327	Green	6.0895	5.959758215	6.219241785
328	Green	6.121666667	5.991976084	6.251357249
329	Green	6.151	6.019438608	6.282561392
330	Green	6.145333333	6.014388449	6.276278217
331	Green	6.124	5.994699408	6.253300592
332	Green	6.073	5.944473651	6.201526349
333	Green	6.035666667	5.910218286	6.161115047
334	Green	6.018	5.893989371	6.142010629
335	Green	6.027333333	5.904025717	6.15064095
336	Green	6.037666667	5.917488254	6.157845079
337	Green	6.049666667	5.930062643	6.16927069
338	Green	6.066	5.9463377	6.1856623
339	Green	6.052	5.933051062	6.170948938
340	Green	6.040666667	5.921588082	6.159745251
341	Green	6.051	5.930281159	6.171718841
342	Green	6.054333333	5.933690145	6.174976522
343	Green	6.066333333	5.944951507	6.18771516
344	Green	6.083333333	5.96071587	6.205950796
345	Green	6.0945	5.973455563	6.215544437
346	Green	6.132333333	6.010817952	6.253848715
347	Green	6.183	6.061997772	6.304002228
348	Green	6.224	6.102352315	6.345647685
349	Green	6.268	6.145202876	6.390797124
350	Green	6.301666667	6.177152805	6.426180528
351	Green	6.351666667	6.226835793	6.47649754
352	Green	6.4155	6.290739418	6.540260582
353	Green	6.458	6.334807312	6.581192688
354	Green	6.483	6.359842928	6.606157072
355	Green	6.511666667	6.387924613	6.635408721
356	Green	6.5455	6.422167434	6.668832566
357	Green	6.588333333	6.464889315	6.711777352
358	Green	6.643	6.521032195	6.764967805
359	Green	6.681	6.559593951	6.802406049
360	Green	6.724	6.602687417	6.845312583
361	Green	6.781333333	6.660096488	6.902570179
362	Green	6.856666667	6.736637059	6.976696274
363	Green	6.9405	6.821560282	7.059439718
364	Green	7.024	6.906530739	7.141469261
365	Green	7.097666667	6.982327956	7.213005377
366	Green	7.201666667	7.086094905	7.317238429
367	Green	7.308	7.190814508	7.425185492
368	Green	7.393333333	7.276140017	7.510526649
369	Green	7.493333333	7.375652703	7.611013964
370	Green	7.563333333	7.446907397	7.67975927
371	Green	7.6425	7.52870538	7.75629462
372	Green	7.744333333	7.629908363	7.858758304
373	Green	7.878666667	7.763545892	7.993787441
374	Green	8.019333333	7.903721157	8.13494551
375	Green	8.1025	7.985444951	8.219555049
376	Green	8.172333333	8.054813952	8.289852714
377	Green	8.284333333	8.16690681	8.401759857
378	Green	8.402	8.285232113	8.518767887
379	Green	8.488	8.371900136	8.604099864
380	Green	8.604333333	8.487862528	8.720804138
381	Green	8.724333333	8.606425822	8.842240845
382	Green	8.857333333	8.738141955	8.976524711
383	Green	8.968	8.848699711	9.087300289
384	Green	9.070333333	8.951115895	9.189550771
385	Green	9.204333333	9.086507639	9.322159028
386	Green	9.352333333	9.235519626	9.469147041
387	Green	9.506	9.389195766	9.622804234
388	Green	9.638333333	9.522036126	9.754630541
389	Green	9.759333333	9.643990854	9.874675813
390	Green	9.883666667	9.768502986	9.998830348
391	Green	9.9925	9.876937386	10.10806261
392	Green	10.08733333	9.970856081	10.20381059
393	Green	10.222	10.10435941	10.33964059
394	Green	10.36366667	10.24464432	10.48268901
395	Green	10.463	10.34263704	10.58336296
396	Green	10.567	10.44645461	10.68754539
397	Green	10.67033333	10.54901665	10.79165002
398	Green	10.73466667	10.61555702	10.85377631
399	Green	10.797	10.6797963	10.9142037
400	Green	10.85833333	10.74216806	10.97449861
401	Green	10.907	10.79223097	11.02176903
402	Green	10.88733333	10.77355992	11.00110675
403	Green	10.864	10.75001003	10.97798997
404	Green	10.84266667	10.72934435	10.95598898
405	Green	10.88366667	10.77023747	10.99709586
406	Green	11.00933333	10.89370885	11.12495782
407	Green	11.103	10.98550564	11.22049436
408	Green	11.13	11.01180564	11.24819436
409	Green	11.13	11.00992825	11.25007175
410	Green	11.138	11.01640769	11.25959231
411	Green	11.17166667	11.04962397	11.29370937
412	Green	11.2405	11.11661492	11.36438508
413	Green	11.273	11.14836152	11.39763848
414	Green	11.195	11.07235128	11.31764872
415	Green	11.077	10.95581109	11.19818891
416	Green	10.8955	10.77551517	11.01548483
417	Green	10.74333333	10.62512459	10.86154207
418	Green	10.66266667	10.54436729	10.78096605
419	Green	10.539	10.42112065	10.65687935
420	Green	10.561	10.44348196	10.67851804
421	Green	10.6325	10.5139383	10.7510617
422	Green	10.595	10.47591816	10.71408184
423	Green	10.64566667	10.52564226	10.76569107
424	Green	10.77933333	10.65768565	10.90098102
425	Green	10.871	10.74886336	10.99313664
426	Green	11.10066667	10.97746166	11.22387167
427	Green	11.41233333	11.28827637	11.53639029
428	Green	11.506	11.38147148	11.63052852
429	Green	11.516	11.39212317	11.63987683
430	Green	11.4795	11.35503628	11.60396372
431	Green	11.36533333	11.2402179	11.49044877
432	Green	11.31066667	11.18416071	11.43717263
433	Green	11.392	11.26283715	11.52116285
434	Green	11.53466667	11.40371816	11.66561517
435	Green	11.727	11.594122	11.859878
436	Green	11.87933333	11.74638682	12.01227984
437	Green	11.838	11.7051934	11.9708066
438	Green	11.71633333	11.58439708	11.84826959
439	Green	11.697	11.56500565	11.82899435
440	Green	11.755	11.62273369	11.88726631
441	Green	11.93866667	11.80585531	12.07147802
442	Green	12.154	12.01936377	12.28863623
443	Green	12.19966667	12.0649522	12.33438113
444	Green	12.0695	11.93658118	12.20241882
445	Green	11.94466667	11.81168163	12.0776517
446	Green	12.00866667	11.8739126	12.14342073
447	Green	12.20733333	12.06917592	12.34549075
448	Green	12.542	12.40006613	12.68393387
449	Green	12.866	12.72175086	13.01024914
450	Green	12.988	12.84274456	13.13325544
451	Green	12.97833333	12.83365801	13.12300866
452	Green	12.958	12.81377564	13.10222436
453	Green	12.90033333	12.75520066	13.04546601
454	Green	12.949	12.80243912	13.09556088
455	Green	13.05133333	12.9043393	13.19832736
456	Green	13.076	12.92844177	13.22355823
457	Green	12.96233333	12.81671391	13.10795275
458	Green	12.68066667	12.53714379	12.82418955
459	Green	12.646	12.50114798	12.79085202
460	Green	12.75933333	12.61355902	12.90510765
461	Green	12.959	12.81072436	13.10727564
462	Green	13.34933333	13.19795893	13.50070774
463	Green	13.50533333	13.35457909	13.65608758
464	Green	13.482	13.33278466	13.63121534
465	Green	13.4255	13.27611544	13.57488456
466	Green	13.41233333	13.26268651	13.56198016
467	Green	13.51666667	13.36542997	13.66790336
468	Green	13.581	13.43012327	13.73187673
469	Green	13.678	13.52679237	13.82920763
470	Green	13.7155	13.56475723	13.86624277
471	Green	13.68566667	13.53651401	13.83481933
472	Green	13.725	13.57549353	13.87450647
473	Green	13.82233333	13.67360737	13.97105929
474	Green	13.86233333	13.7136584	14.01100826
475	Green	13.86013889	13.71107786	14.00919992
476	Green	13.91705556	13.76788979	14.06622132
477	Green	13.97397222	13.82469593	14.12324852
478	Green	14.03088889	13.88149628	14.1802815
479	Green	14.08780556	13.93829085	14.23732026
480	Green	14.14472222	13.99507967	14.29436477
481	Green	14.20163889	14.05186275	14.35141503
482	Green	14.25855556	14.10864009	14.40847102
483	Green	14.31547222	14.16541173	14.46553271
484	Green	14.37238889	14.22217767	14.52260011
485	Green	14.42930556	14.27893793	14.57967318
486	Green	14.48622222	14.33569253	14.63675191
487	Green	14.54313889	14.39244149	14.69383629
488	Green	14.60005556	14.44918482	14.75092629
489	Green	14.65697222	14.50592255	14.80802189
490	Green	14.71388889	14.5626547	14.86512308
491	Green	14.77080556	14.61938128	14.92222983
492	Green	14.82772222	14.67610232	14.97934212
493	Green	14.88463889	14.73281784	15.03645994
494	Green	14.94155556	14.78952786	15.09358326
495	Green	15.031	14.87879836	15.18320164
496	Green	14.89833333	14.74685092	15.04981574
497	Green	14.89533333	14.74289076	15.04777591
498	Green	15.00666667	14.85234636	15.16098698
499	Green	15.27733333	15.11802198	15.43664469
500	Green	15.4725	15.31015784	15.63484216
501	Green	15.65333333	15.48918416	15.81748251
502	Green	15.80566667	15.63796548	15.97336786
503	Green	15.90833333	15.73755496	16.07911171
504	Green	16.03966667	15.86595748	16.21337586
505	Green	16.16933333	15.9914787	16.34718797
506	Green	16.2415	16.06122646	16.42177354
507	Green	16.263	16.08051448	16.44548552
508	Green	16.32833333	16.14324763	16.51341904
509	Green	16.464	16.27722012	16.65077988
510	Green	16.675	16.48670994	16.86329006
511	Green	16.92466667	16.73493301	17.11440032
512	Green	17.183	16.99157804	17.37442196
513	Green	17.3825	17.18938639	17.57561361
514	Green	17.61966667	17.42416864	17.81516469
515	Green	17.91	17.7112296	18.1087704
516	Green	17.97166667	17.77062954	18.17270379
517	Green	17.815	17.6133473	18.0166527
518	Green	17.85	17.64640787	18.05359213
519	Green	18.089	17.88253101	18.29546899
520	Green	18.18740556	17.98112034	18.39369077
521	Green	18.45681111	18.24812084	18.66550138
522	Green	18.72621667	18.51510769	18.93732565
523	Green	18.99562222	18.78208134	19.2091631
524	Green	19.26502778	19.04904225	19.4810133
525	Green	19.53443333	19.31599085	19.75287582
526	Green	19.80383889	19.58292753	20.02475025
527	Green	20.07324444	19.84985271	20.29663618
528	Green	20.34265	20.11676675	20.56853325
529	Green	20.61205556	20.38367002	20.84044109
530	Green	20.88146111	20.65056288	21.11235935
531	Green	21.15086667	20.91744565	21.38428768
532	Green	21.42027222	21.18431867	21.65622578
533	Green	21.68967778	21.45118223	21.92817332
534	Green	21.95908333	21.71803665	22.20013001
535	Green	22.22848889	21.98488221	22.47209557
536	Green	22.49789444	22.25171919	22.7440697
537	Green	22.7673	22.51854784	23.01605216
538	Green	23.03670556	22.78536843	23.28804268
539	Green	23.30611111	23.05218121	23.56004101
540	Green	23.163	22.91260704	23.41339296
541	Green	23.339	23.08476085	23.59323915
542	Green	23.41633333	23.15910502	23.67356165
543	Green	23.914	23.65081137	24.17718863
544	Green	23.85933333	23.59915447	24.11951219
545	Green	23.902	23.64185736	24.16214264
546	Green	24.00733333	23.74667065	24.26799602
547	Green	24.27	24.0072477	24.5327523
548	Green	24.628	24.36131501	24.89468499
549	Green	25.161	24.88794797	25.43405203
550	Green	25.46366667	25.18673504	25.74059829
551	Green	25.28333333	25.00638826	25.5602784
552	Green	25.195	24.918133	25.471867
553	Green	25.27433333	24.99693764	25.55172903
554	Green	25.3785	25.09924292	25.65775708
555	Green	25.60666667	25.32463477	25.88869856
556	Green	25.75666667	25.47099512	26.04233821
557	Green	25.74766667	25.46008891	26.03524443
558	Green	25.731	25.4421256	26.0198744
559	Green	25.68133333	25.39142691	25.97123976
560	Green	25.54766667	25.25835041	25.83698292
561	Green	25.46133333	25.17004673	25.75261994
562	Green	25.39733333	25.10495322	25.68971344
563	Green	25.32533333	25.03297409	25.61769257
564	Green	25.1425	24.85045896	25.43454104
565	Green	24.79833333	24.50961976	25.08704691
566	Green	24.586	24.2997144	24.8722856
567	Green	24.52966667	24.24204581	24.81728752
568	Green	24.555	24.26626179	24.84373821
569	Green	24.58366667	24.29265577	24.87467757
570	Green	24.21666667	23.92819207	24.50514126
571	Green	23.82333333	23.53758377	24.1090829
572	Green	23.66533333	23.38006373	23.95060294
573	Green	23.478	23.19301039	23.76298961
574	Green	23.39266667	23.10703453	23.67829881
575	Green	23.311	23.02503417	23.59696583
576	Green	23.17	22.88447888	23.45552112
577	Green	23.14333333	22.85680751	23.42985916
578	Green	23.149	22.8629695	23.4350305
579	Green	23.03333333	22.74940979	23.31725687
580	Green	22.87166667	22.58966883	23.1536645
581	Green	22.665	22.3861292	22.9438708
582	Green	22.43766667	22.16100885	22.71432448
583	Green	22.21066667	21.93545908	22.48587425
584	Green	21.98166667	21.70907868	22.25425466
585	Green	21.72633333	21.4538978	21.99876887
586	Green	21.44566667	21.17390242	21.71743091
587	Green	21.11	20.83850293	21.38149707
588	Green	20.73666667	20.46680611	21.00652723
589	Green	20.39233333	20.12551094	20.65915573
590	Green	20.1655	19.90129626	20.42970374
591	Green	19.995	19.73389165	20.25610835
592	Green	19.776	19.51653547	20.03546453
593	Green	19.46533333	19.20987638	19.72079029
594	Green	19.14	18.88836471	19.39163529
595	Green	18.664	18.41779114	18.91020886
596	Green	18.138	17.89786888	18.37813112
597	Green	17.91866667	17.68008835	18.15724498
598	Green	17.79	17.5528921	18.0271079
599	Green	17.82866667	17.59109969	18.06623364
600	Green	17.835	17.59820551	18.07179449
601	Green	17.50533333	17.27169171	17.73897496
602	Green	16.99833333	16.76621706	17.23044961
603	Green	16.48333333	16.25336371	16.71330295
604	Green	16.177	15.94675182	16.40724818
605	Green	16.148	15.91660615	16.37939385
606	Green	16.213	15.98097283	16.44502717
607	Green	16.22333333	15.99134803	16.45531863
608	Green	15.84366667	15.61603353	16.0712998
609	Green	15.5815	15.35577979	15.80722021
610	Green	15.46966667	15.24453988	15.69479345
611	Green	15.488	15.26268176	15.71331824
612	Green	15.67733333	15.45139878	15.90326789
613	Green	15.725	15.49883085	15.95116915
614	Green	15.63333333	15.40735386	15.8593128
615	Green	15.52966667	15.30577003	15.7535633
616	Green	15.42333333	15.20151051	15.64515615
617	Green	15.31366667	15.09591542	15.53141791
618	Green	15.22633333	15.01058494	15.44208173
619	Green	15.15833333	14.94270822	15.37395845
620	Green	15.12333333	14.90812231	15.33854436
621	Green	15.10266667	14.8878131	15.31752024
622	Green	15.07233333	14.85922835	15.28543832
623	Green	15.02066667	14.80937673	15.23195661
624	Green	14.92266667	14.7148067	15.13052663
625	Green	14.712	14.50625958	14.91774042
626	Green	14.506	14.30134311	14.71065689
627	Green	14.44066667	14.23434876	14.64698457
628	Green	14.45233333	14.24417981	14.66048686
629	Green	14.57133333	14.36088051	14.78178616
630	Green	14.66766667	14.4564162	14.87891714
631	Green	14.66566667	14.45345748	14.87787585
632	Green	14.60733333	14.39463174	14.82003493
633	Green	14.49433333	14.28154015	14.70712652
634	Green	14.42233333	14.20760765	14.63705902
635	Green	14.382	14.16629209	14.59770791
636	Green	14.42	14.20260221	14.63739779
637	Green	14.47533333	14.25784888	14.69281778
638	Green	14.49466667	14.27895436	14.71037897
639	Green	14.492	14.27771124	14.70628876
640	Green	14.48	14.26686983	14.69313017
641	Green	14.45433333	14.24208169	14.66658497
642	Green	14.434	14.22146198	14.64653802
643	Green	14.421	14.20907634	14.63292366
644	Green	14.39633333	14.18638121	14.60628546
645	Green	14.36	14.15184728	14.56815272
646	Green	14.32466667	14.11631262	14.53302071
647	Green	14.30166667	14.0935768	14.50975653
648	Green	14.28666667	14.07738309	14.49595024
649	Green	14.26133333	14.05197937	14.4706873
650	Green	14.21933333	14.00966124	14.42900542
651	Green	14.17966667	13.97017588	14.38915746
652	Green	14.177	13.96663715	14.38736285
653	Green	14.217	14.00769645	14.42630355
654	Green	14.26066667	14.05289951	14.46843382
655	Green	14.301	14.09507536	14.50692464
656	Green	14.29666667	14.09062618	14.50270716
657	Green	14.192	13.98702711	14.39697289
658	Green	13.989	13.78517578	14.19282422
659	Green	13.947	13.74227464	14.15172536
660	Green	14.008	13.8003528	14.2156472
661	Green	14.21866667	14.00775611	14.42957722
662	Green	14.49233333	14.27625867	14.708408
663	Green	14.625	14.4073651	14.8426349
664	Green	14.70933333	14.49144684	14.92721983
665	Green	14.77766667	14.55947329	14.99586004
666	Green	14.84266667	14.62366349	15.06166984
667	Green	14.89033333	14.67013537	15.11053129
668	Green	14.89833333	14.67908742	15.11757925
669	Green	14.95333333	14.73370073	15.17296594
670	Green	15.03566667	14.81618163	15.2551517
671	Green	15.16	14.9396043	15.3803957
672	Green	15.30433333	15.08287353	15.52579313
673	Green	15.39933333	15.17635696	15.6223097
674	Green	15.483	15.25952035	15.70647965
675	Green	15.56633333	15.34234704	15.79031962
676	Green	15.64333333	15.41885455	15.86781212
677	Green	15.67733333	15.45356712	15.90109955
678	Green	15.6225	15.39980132	15.84519868
679	Green	15.49166667	15.27168865	15.71164468
680	Green	15.51966667	15.29979705	15.73953628
681	Green	15.646	15.42468605	15.86731395
682	Green	15.906	15.68358231	16.12841769
683	Green	16.17133333	15.94699389	16.39567277
684	Green	16.31666667	16.09081106	16.54252228
685	Green	16.39266667	16.16430038	16.62103295
686	Green	16.40266667	16.1727735	16.63255983
687	Green	16.42166667	16.19023794	16.65309539
688	Green	16.48566667	16.25413495	16.71719838
689	Green	16.56233333	16.33172524	16.79294142
690	Green	16.668	16.43754542	16.89845458
691	Green	16.75333333	16.52307929	16.98358738
692	Green	16.819	16.58878506	17.04921494
693	Green	16.9	16.66586374	17.13413626
694	Green	16.95266667	16.71556623	17.1897671
695	Green	16.98133333	16.74237034	17.22029633
696	Green	16.88475	16.64746373	17.12203627
697	Green	16.46566667	16.2341131	16.69722023
698	Green	16.26133333	16.03296331	16.48970335
699	Green	16.32166667	16.09352794	16.54980539
700	Green	16.55766667	16.32799211	16.78734122
